VALORES PARA EL H2:
Puntos R:
[ 0.3 0.4 0.5 0.6 0.7 0.8 0.9   1 1.1 1.2 1.3 1.4 1.5 1.6 1.7 1.8 1.9   2 2.1 2.2 2.3 2.4 2.5 2.6 2.7 2.8 2.9   3 3.1 3.2 3.3 3.4 3.5 3.6 3.7 3.8 3.9   4 4.1 4.2 4.3 4.4 4.5 4.6 4.7 4.8 4.9   5 5.1 5.2 5.3 5.4 5.5 5.6 5.7 5.8 5.9   6 6.1 6.2 6.3 6.4 6.5 6.6 6.7 6.8 6.9   7 7.1 7.2 7.3 7.4 7.5 7.6 7.7 7.8 7.9   8 8.1 8.2 8.3 ]
Energia HF:
[  0.80747395 0.031772948 -0.40332753 -0.66825749 -0.83713137 -0.94730899  -1.0194981  -1.0660005  -1.0945651  -1.1103349  -1.1168721  -1.1167153  -1.1116968  -1.1031419  -1.0920067  -1.0789831  -1.0645777  -1.0491717  -1.0330617  -1.0164865 -0.99964401 -0.98270009 -0.96579443 -0.94904389 -0.93254524 -0.91637751 -0.90060426 -0.88527565 -0.87043042 -0.85609753 -0.84229762 -0.82904422  -0.8163447 -0.80420117 -0.79261116 -0.78156831 -0.77106296 -0.76108268 -0.75161288 -0.74263721 -0.73413812 -0.72609719 -0.71849555 -0.71131415 -0.70453402 -0.69813644 -0.69210312 -0.68641623  -0.6810585 -0.67601323 -0.67126427 -0.66679606 -0.66259358 -0.65864231 -0.65492828 -0.65143799 -0.64815842 -0.64507703 -0.64218178 -0.63946108 -0.63690383 -0.63449942 -0.63223773 -0.63010915 -0.62810455 -0.62621529 -0.62443324 -0.62275074 -0.62116062 -0.61965617 -0.61823112 -0.61687965 -0.61559634 -0.61437617  -0.6132145 -0.61210703 -0.61104981 -0.61003919 -0.60907182 -0.60814459 -0.60725469 ]
Energía correccion MP2:
[ -0.0048850745 -0.0052125637 -0.0056283293 -0.0061293645 -0.0067134117 -0.0073793833  -0.008127399 -0.0089585261 -0.0098744836  -0.010877542  -0.011970691  -0.013157967  -0.014444778  -0.015838042  -0.017346087  -0.018978324    -0.0207448  -0.022655724  -0.024721074   -0.02695031  -0.029352206  -0.031934789  -0.034705339  -0.037670425  -0.040835941  -0.044207133  -0.047788601  -0.051584277   -0.05559739  -0.059830412  -0.064285009  -0.068961994  -0.073861297   -0.07898195  -0.084322084   -0.08987896  -0.095648993    -0.1016278   -0.10781026   -0.11419053   -0.12076214   -0.12751796   -0.13445031   -0.14155093   -0.14881103   -0.15622129   -0.16377195   -0.17145278   -0.17925316   -0.18716218   -0.19516869   -0.20326137   -0.21142892   -0.21966007   -0.22794379   -0.23626935   -0.24462644   -0.25300529   -0.26139675   -0.26979234   -0.27818436   -0.28656585   -0.29493069   -0.30327353   -0.31158983   -0.31987581   -0.32812842   -0.33634527   -0.34452462   -0.35266528   -0.36076657   -0.36882827   -0.37685055    -0.3848339    -0.3927791   -0.40068718   -0.40855933    -0.4163969   -0.42420135   -0.43197423   -0.43971714 ]
VALORES PARA EL HeH+:
Puntos R:
[ 0.3 0.4 0.5 0.6 0.7 0.8 0.9   1 1.1 1.2 1.3 1.4 1.5 1.6 1.7 1.8 1.9   2 2.1 2.2 2.3 2.4 2.5 2.6 2.7 2.8 2.9   3 3.1 3.2 3.3 3.4 3.5 3.6 3.7 3.8 3.9   4 4.1 4.2 4.3 4.4 4.5 4.6 4.7 4.8 4.9   5 5.1 5.2 5.3 5.4 5.5 5.6 5.7 5.8 5.9   6 6.1 6.2 6.3 6.4 6.5 6.6 6.7 6.8 6.9   7 7.1 7.2 7.3 7.4 7.5 7.6 7.7 7.8 7.9   8 8.1 8.2 8.3 ]
Energia HF:
[  0.44477708 -0.93659606    -1.68845  -2.1367039  -2.4168393  -2.5955011  -2.7096443  -2.7814794  -2.8250234   -2.849379  -2.8605763  -2.8626924  -2.8585521  -2.8501653  -2.8389944  -2.8261165  -2.8123242  -2.7981951   -2.784143  -2.7704597  -2.7573472  -2.7449432  -2.7333385  -2.7225888  -2.7127226  -2.7037462  -2.6956473  -2.6883982   -2.681959  -2.6762806  -2.6713076  -2.6669808  -2.6632399   -2.660025  -2.6572786  -2.6549457  -2.6529754  -2.6513207  -2.6499387   -2.648791   -2.647843  -2.6470642  -2.6464277  -2.6459101  -2.6454913   -2.645154  -2.6448835  -2.6446676  -2.6444959  -2.6443599  -2.6442525  -2.6441681   -2.644102  -2.6440504  -2.6440102   -2.643979   -2.643955  -2.6439364  -2.6439222  -2.6439113   -2.643903  -2.6438967   -2.643892  -2.6438884  -2.6438857  -2.6438837  -2.6438822  -2.6438811  -2.6438802  -2.6438796  -2.6438792  -2.6438789  -2.6438786  -2.6438785  -2.6438783  -2.6438782  -2.6438782  -2.6438781  -2.6438781  -2.6438781  -2.6438781 ]
Energía correccion MP2:
[    -0.00432658  -0.0056023193  -0.0066572827  -0.0075859861  -0.0084705142  -0.0093513188   -0.010237652   -0.011119993   -0.011979022   -0.012791381   -0.013532956   -0.014180559   -0.014712904    -0.01511152   -0.015361751   -0.015453694   -0.015382786   -0.015149909   -0.014761071   -0.014226829   -0.013561638   -0.012783215   -0.011911902   -0.010969993  -0.0099809591  -0.0089685811  -0.0079560072   -0.006964832  -0.0060142685  -0.0051204922  -0.0042961978  -0.0035503873  -0.0028883746  -0.0023119817  -0.0018198893   -0.001408105  -0.0010705166 -0.00079949108 -0.00058648768 -0.00042264196 -0.00029928388 -0.00020835432 -0.00014269704 -9.6219529e-05 -6.3933402e-05 -4.1899252e-05 -2.7107739e-05 -1.7328623e-05 -1.0953722e-05 -6.8515556e-06 -4.2433149e-06 -2.6032974e-06 -1.5827616e-06 -9.5391886e-07 -5.7004258e-07  -3.378067e-07  -1.985335e-07 -1.1572368e-07 -6.6901367e-08 -3.8358382e-08 -2.1811038e-08 -1.2298558e-08 -6.8763808e-09 -3.8120319e-09 -2.0951031e-09 -1.1414779e-09   -6.16459e-10 -3.2997262e-10 -1.7504613e-10 -9.2022439e-11 -4.7936812e-11 -2.4742771e-11 -1.2653272e-11 -6.4107091e-12 -3.2176088e-12 -1.5997835e-12 -7.8789496e-13  -3.843566e-13  -1.857121e-13 -8.8872612e-14 -4.2121186e-14 ]
